{
  "0": [{"cam_R_m2c": [-0.24078209698200226, -0.5719837546348572, 0.7841292023658752, 0.8149398565292358, -0.5579448342323303, -0.15675026178359985, 0.5271593928337097, 0.6012754440307617, 0.6004754900932312], "cam_t_m2c": [-38.554054260253906, -401.18756103515625, 683.2090454101562], "obj_id": 2}, {"cam_R_m2c": [0.7841293215751648, -0.012475589290261269, 0.6204720735549927, -0.15675029158592224, -0.9713619947433472, 0.17856433987617493, 0.6004752516746521, -0.23727671802043915, -0.7636290192604065], "cam_t_m2c": [111.98409271240234, -103.95903015136719, 572.5519409179688], "obj_id": 18}, {"cam_R_m2c": [0.5994002819061279, 0.1608123779296875, 0.7841291427612305, -0.05943281203508377, 0.9858483672142029, -0.1567504107952118, -0.7982398867607117, 0.04735323041677475, 0.6004753708839417], "cam_t_m2c": [2.04848313331604, -305.19451904296875, 655.2467041015625], "obj_id": 16}, {"cam_R_m2c": [0.01676337793469429, -0.21832406520843506, 0.9757322669029236, 0.5189228653907776, 0.836050271987915, 0.17815440893173218, -0.8546566367149353, 0.5033433437347412, 0.12730838358402252], "cam_t_m2c": [-2.4392306804656982, -0.4451996684074402, 736.1629028320312], "obj_id": 9}, {"cam_R_m2c": [-0.13436508178710938, -0.7841293215751648, 0.6058773398399353, -0.9875065684318542, 0.15675026178359985, -0.016131779178977013, -0.08232203871011734, -0.6004753708839417, -0.7953945398330688], "cam_t_m2c": [34.82747268676758, 69.73640441894531, 685.3355102539062], "obj_id": 4}, {"cam_R_m2c": [0.21837899088859558, 0.7841292023658752, -0.5809061527252197, -0.8360004425048828, -0.15675024688243866, -0.5258635878562927, -0.5034022331237793, 0.6004753708839417, 0.6213014721870422], "cam_t_m2c": [-33.882423400878906, 45.40304183959961, 768.7080688476562], "obj_id": 8}, {"cam_R_m2c": [0.7841317653656006, 0.6159332990646362, 0.07591792196035385, -0.1567487120628357, 0.07820264250040054, 0.9845375418663025, 0.6004724502563477, -0.7839071750640869, 0.1578679233789444], "cam_t_m2c": [131.471923828125, 75.92303466796875, 594.0610961914062], "obj_id": 10}, {"cam_R_m2c": [-0.460289865732193, 0.4162626564502716, -0.7841292023658752, 0.5021016001701355, 0.8504841923713684, 0.15675033628940582, 0.7321387529373169, -0.32156190276145935, -0.6004753708839417], "cam_t_m2c": [-142.19891357421875, -298.6806335449219, 853.6389770507812], "obj_id": 13}],
  "1": [{"cam_R_m2c": [-0.46446096897125244, 0.45698899030685425, 0.758575439453125, -0.755906343460083, 0.24169526994228363, -0.6084313988685608, -0.46139049530029297, -0.8560048341751099, 0.23318304121494293], "cam_t_m2c": [65.82261657714844, 64.74363708496094, 798.0584106445312], "obj_id": 2}, {"cam_R_m2c": [0.7585755586624146, 0.6101046204566956, -0.22876934707164764, -0.6084313988685608, 0.7888899445533752, 0.08639358729124069, 0.23318296670913696, 0.07365439832210541, 0.9696394801139832], "cam_t_m2c": [-144.49673461914062, -126.87940979003906, 1003.722900390625], "obj_id": 18}, {"cam_R_m2c": [-0.07588665187358856, -0.6471508145332336, 0.7585755586624146, 0.2729385495185852, -0.7451950311660767, -0.6084313988685608, 0.9590336680412292, 0.1608726531267166, 0.2331828773021698], "cam_t_m2c": [-1.8966141939163208, 1.521018385887146, 853.3948974609375], "obj_id": 16}, {"cam_R_m2c": [-0.7978501319885254, -0.48190590739250183, 0.3622179329395294, 0.1811928153038025, -0.7647454738616943, -0.6183311939239502, 0.5749819874763489, -0.4277043640613556, 0.6974701881408691], "cam_t_m2c": [-193.9053497314453, -246.34437561035156, 819.7032470703125], "obj_id": 9}, {"cam_R_m2c": [0.6431992650032043, -0.7585755586624146, -0.10420069098472595, 0.7564501166343689, 0.6084314584732056, 0.23998822271823883, -0.11865024268627167, -0.2331828773021698, 0.9651672840118408], "cam_t_m2c": [-254.78919982910156, -277.0599670410156, 884.875244140625], "obj_id": 4}, {"cam_R_m2c": [0.481864333152771, 0.7585755586624146, 0.4385998547077179, 0.7647255063056946, -0.6084313988685608, 0.21214622259140015, 0.4277868866920471, 0.23318281769752502, -0.8732834458351135], "cam_t_m2c": [-226.6029815673828, -282.902099609375, 777.9381103515625], "obj_id": 8}, {"cam_R_m2c": [0.7585740685462952, -0.1651231348514557, -0.6303170919418335, -0.6084317564964294, 0.1666896790266037, -0.7759027481079102, 0.23318679630756378, 0.9720847010612488, 0.02598031610250473], "cam_t_m2c": [-260.7195739746094, -266.5400390625, 1017.4030151367188], "obj_id": 10}, {"cam_R_m2c": [-0.22731944918632507, -0.6106463074684143, -0.7585755586624146, -0.5825037360191345, -0.5389809608459473, 0.6084313988685608, -0.7803941965103149, 0.5801814198493958, -0.23318281769752502], "cam_t_m2c": [25.281057357788086, -62.949462890625, 618.205322265625], "obj_id": 13}],
  "2": [{"cam_R_m2c": [-0.9219518303871155, -0.2961571216583252, 0.24959087371826172, 0.32790693640708923, -0.25391989946365356, 0.9099459052085876, -0.2061108648777008, 0.9207689762115479, 0.331214040517807], "cam_t_m2c": [38.93775939941406, -134.0808563232422, 829.9263305664062], "obj_id": 2}, {"cam_R_m2c": [0.2495911717414856, 0.7220010757446289, 0.6453050374984741, 0.9099459052085876, -0.40280377864837646, 0.09872905910015106, 0.3312138319015503, 0.5625508427619934, -0.7575182318687439], "cam_t_m2c": [-1.6131796836853027, -0.24673575162887573, 507.9083557128906], "obj_id": 18}, {"cam_R_m2c": [0.7995318174362183, -0.5463086366653442, 0.24959103763103485, -0.0006825608434155583, 0.4147264063358307, 0.9099459052085876, -0.6006233096122742, -0.7277010679244995, 0.3312140703201294], "cam_t_m2c": [17.137346267700195, -92.70259094238281, 732.675537109375], "obj_id": 16}, {"cam_R_m2c": [0.12487779557704926, -0.9097189903259277, 0.39600110054016113, -0.3329923748970032, 0.33754679560661316, 0.8804420828819275, -0.9346237778663635, -0.24181298911571503, -0.2607773542404175], "cam_t_m2c": [-217.64089965820312, 30.787281036376953, 562.1787109375], "obj_id": 9}, {"cam_R_m2c": [0.5808539390563965, -0.24959102272987366, 0.7747986912727356, -0.41435706615448, -0.9099459648132324, 0.01750982739031315, 0.7006546258926392, -0.33121395111083984, -0.6319654583930969], "cam_t_m2c": [-213.50445556640625, 49.73667907714844, 469.8667907714844], "obj_id": 4}, {"cam_R_m2c": [0.9097503423690796, 0.24959099292755127, -0.33175086975097656, -0.3375241458415985, 0.9099459648132324, -0.24098920822143555, 0.24172662198543549, 0.33121395111083984, 0.912066638469696], "cam_t_m2c": [-281.5015563964844, 36.91519546508789, 556.33154296875], "obj_id": 8}, {"cam_R_m2c": [0.24959297478199005, 0.7158157229423523, -0.652158796787262, 0.9099466800689697, 0.056977901607751846, 0.41079238057136536, 0.33121025562286377, -0.6959607005119324, -0.6371328830718994], "cam_t_m2c": [-113.69800567626953, 75.03260040283203, 385.556396484375], "obj_id": 10}, {"cam_R_m2c": [-0.9606353044509888, -0.12200045585632324, -0.2495909333229065, 0.1895754486322403, 0.36886247992515564, -0.9099459648132324, 0.20307855308055878, -0.9214425086975098, -0.3312140107154846], "cam_t_m2c": [-173.6388397216797, -91.04639434814453, 886.9835815429688], "obj_id": 13}],
  "3": [{"cam_R_m2c": [-0.831312894821167, 0.26389560103416443, 0.4891600012779236, -0.16354182362556458, -0.9572724103927612, 0.23850183188915253, 0.5311990976333618, 0.11827158182859421, 0.8389513492584229], "cam_t_m2c": [344.18438720703125, -148.02159118652344, 628.1170043945312], "obj_id": 2}, {"cam_R_m2c": [0.4891602396965027, 0.8668103814125061, 0.09675715118646622, 0.23850205540657043, -0.2396426796913147, 0.9411099553108215, 0.8389511108398438, -0.4372767508029938, -0.32395970821380615], "cam_t_m2c": [139.84991455078125, 133.89627075195312, 673.07568359375], "obj_id": 18}, {"cam_R_m2c": [0.30167439579963684, -0.8183611035346985, 0.4891602098941803, 0.8562520146369934, 0.4582023322582245, 0.2385018914937973, -0.41931501030921936, 0.3468945026397705, 0.8389512300491333], "cam_t_m2c": [274.8337097167969, -67.20891571044922, 645.5787963867188], "obj_id": 16}, {"cam_R_m2c": [-0.4726032316684723, -0.8409596681594849, 0.2635011672973633, 0.6447829604148865, -0.1261376142501831, 0.7538859844207764, -0.6007503271102905, 0.5261901021003723, 0.6018496155738831], "cam_t_m2c": [-0.6587268114089966, -1.884748935699463, 784.4183349609375], "obj_id": 9}, {"cam_R_m2c": [0.8308061957359314, -0.4891601800918579, 0.26548704504966736, -0.4202022850513458, -0.23850196599960327, 0.8755265474319458, -0.36495354771614075, -0.8389511704444885, -0.40369513630867004], "cam_t_m2c": [-48.51103591918945, 78.82262420654297, 774.7144775390625], "obj_id": 4}, {"cam_R_m2c": [0.8409377336502075, 0.48916006088256836, 0.2314002960920334, 0.1262287199497223, 0.23850207030773163, -0.9629033803939819, -0.5262033343315125, 0.8389511704444885, 0.1388193517923355], "cam_t_m2c": [-55.13273239135742, -26.433996200561523, 808.4983520507812], "obj_id": 8}, {"cam_R_m2c": [0.4891596734523773, 0.18497003614902496, -0.852354884147644, 0.2385059893131256, 0.911637544631958, 0.3347116708755493, 0.8389503359794617, -0.3670192062854767, 0.4018198549747467], "cam_t_m2c": [-13.554364204406738, 203.2013397216797, 742.8174438476562], "obj_id": 10}, {"cam_R_m2c": [-0.6414211392402649, -0.5910171866416931, -0.48916009068489075, -0.5534250736236572, 0.7980210185050964, -0.23850184679031372, 0.531318724155426, 0.11773332953453064, -0.8389512300491333], "cam_t_m2c": [209.34474182128906, -279.3629150390625, 750.0350952148438], "obj_id": 13}],
  "4": [{"cam_R_m2c": [0.1542942225933075, 0.9852399826049805, 0.07413066178560257, -0.2529986500740051, -0.03312961012125015, 0.9668991565704346, 0.9550837278366089, -0.1679418832063675, 0.2441527396440506], "cam_t_m2c": [83.74185180664062, 8.070938110351562, 553.9717407226562], "obj_id": 2}, {"cam_R_m2c": [0.07413047552108765, 0.25945907831192017, -0.962904691696167, 0.9668992161750793, 0.21769489347934723, 0.13309676945209503, 0.24415254592895508, -0.9408984184265137, -0.23473292589187622], "cam_t_m2c": [-206.88401794433594, -13.89316463470459, 749.6903076171875], "obj_id": 18}, {"cam_R_m2c": [-0.8726624846458435, -0.4826643168926239, 0.07413071393966675, 0.18139024078845978, -0.17945294082164764, 0.9668992757797241, -0.4533848166465759, 0.8572233319282532, 0.24415241181850433], "cam_t_m2c": [-0.1851670742034912, -2.4172122478485107, 620.989501953125], "obj_id": 16}, {"cam_R_m2c": [-0.8489910960197449, 0.11580794304609299, -0.5155603885650635, -0.5272014141082764, -0.2515164613723755, 0.8116637468338013, -0.03567483276128769, 0.9608995318412781, 0.2745894193649292], "cam_t_m2c": [-72.37757873535156, -74.98992156982422, 919.2531127929688], "obj_id": 9}, {"cam_R_m2c": [0.44392091035842896, -0.0741305872797966, -0.8929942846298218, 0.18723689019680023, -0.9668990969657898, 0.1733439564704895, -0.8762856125831604, -0.2441524863243103, -0.415346622467041], "cam_t_m2c": [-159.67437744140625, -89.28738403320312, 952.0027465820312], "obj_id": 4}, {"cam_R_m2c": [-0.11590170115232468, 0.07413061708211899, 0.9904904961585999, 0.25152042508125305, 0.9668992757797241, -0.04293346777558327, -0.9608872532844543, 0.24415254592895508, -0.130710631608963], "cam_t_m2c": [-51.91294860839844, -102.98804473876953, 973.54150390625], "obj_id": 8}, {"cam_R_m2c": [0.0741264820098877, -0.9312906861305237, -0.3566550612449646, 0.966899573802948, 0.1546764075756073, -0.2029295116662979, 0.2441524863243103, -0.32980719208717346, 0.91193026304245], "cam_t_m2c": [-280.36309814453125, -49.396575927734375, 912.6022338867188], "obj_id": 10}, {"cam_R_m2c": [0.5568870902061462, -0.8272734880447388, -0.07413066178560257, -0.24323348701000214, -0.07709265500307083, -0.9668992757797241, 0.7941752076148987, 0.5564848184585571, -0.2441525161266327], "cam_t_m2c": [217.73663330078125, -40.73762512207031, 727.0596923828125], "obj_id": 13}]
}