Camera frame 0: 
Homogenous T: [[ 0.71006936  0.51824254 -0.47668242 -0.44463341]
 [-0.64666516  0.21209061 -0.73269475 -0.92388622]
 [-0.27861378  0.82851803  0.48572844  0.63246516]
 [ 0.          0.          0.          1.        ]] 
Camera frame 1: 
Homogenous T: [[ 0.7328403   0.58584273  0.34602505  0.45576654]
 [-0.2487918   0.70406944 -0.66512316 -0.64499808]
 [-0.6332832   0.40134093  0.66172338  0.65142014]
 [ 0.          0.          0.          1.        ]] 
Camera frame 0: 
Homogenous T: [[ 0.89746958  0.09327444  0.43110064  0.46834804]
 [-0.36933866  0.69321167  0.61890721  0.60158346]
 [-0.24111588 -0.71467263  0.65658665  0.5690923 ]
 [ 0.          0.          0.          1.        ]] 
Camera frame 1: 
Homogenous T: [[ 0.25853652  0.74654013 -0.61305547 -0.26415625]
 [-0.45266008  0.65426838  0.60583162  0.45238997]
 [ 0.85338032  0.12087609  0.50708097  0.32844579]
 [ 0.          0.          0.          1.        ]] 
Camera frame 0: 
Homogenous T: [[ 0.04041956  0.55855286 -0.82848376 -0.9842595 ]
 [-0.4963899   0.73082721  0.46849644  0.39346699]
 [ 0.86715835  0.39231437  0.3067995   0.32755148]
 [ 0.          0.          0.          1.        ]] 
Camera frame 1: 
Homogenous T: [[-0.53394222 -0.84528983  0.01976911 -0.14292231]
 [ 0.81701577 -0.50978041  0.26946065  0.09036134]
 [-0.21769446  0.16002811  0.96280849  0.61284848]
 [ 0.          0.          0.          1.        ]] 
Camera frame 0: 
Homogenous T: [[ 0.99206442  0.05264664 -0.11418069 -0.18619051]
 [-0.0369592   0.99010223  0.13539658  0.05194982]
 [ 0.12017867 -0.13010207  0.98419029  0.76328733]
 [ 0.          0.          0.          1.        ]] 
Camera frame 1: 
Homogenous T: [[ 0.36498359  0.88093132 -0.30124205 -0.4479475 ]
 [-0.92651445  0.37545326 -0.02461137 -0.07829489]
 [ 0.09142139  0.28808784  0.95323002  1.12305284]
 [ 0.          0.          0.          1.        ]] 
Camera frame 0: 
Homogenous T: [[ 0.10975058 -0.99059063 -0.08176194 -0.17152808]
 [ 0.76171398  0.13666724 -0.63333553 -0.43309081]
 [ 0.63855046  0.00722974  0.76954603  0.76446596]
 [ 0.          0.          0.          1.        ]] 
Camera frame 1: 
Homogenous T: [[-0.97854525 -0.20563671  0.01274511 -0.14708658]
 [ 0.17706104 -0.80771005  0.56236428  0.6306082 ]
 [-0.10534841  0.55255562  0.82679135  0.82728021]
 [ 0.          0.          0.          1.        ]] 
Camera frame 0: 
Homogenous T: [[-0.7109918  -0.15747897 -0.68533981 -0.73707731]
 [-0.55488348 -0.47304314  0.68434954  0.93920844]
 [-0.4319661   0.86685079  0.24894756  0.29944045]
 [ 0.          0.          0.          1.        ]] 
Camera frame 1: 
Homogenous T: [[-0.52138567  0.84726381 -0.10149386 -0.08786889]
 [-0.82117951 -0.53052163 -0.21026403 -0.05237091]
 [-0.23199378 -0.02628397  0.9723621   1.09427212]
 [ 0.          0.          0.          1.        ]] 
Camera frame 0: 
Homogenous T: [[ 0.21656108 -0.96457487 -0.15065476 -0.15913628]
 [ 0.93532914  0.16077444  0.31513685  0.45033084]
 [-0.27975163 -0.20915814  0.93701226  1.05791559]
 [ 0.          0.          0.          1.        ]] 
Camera frame 1: 
Homogenous T: [[-0.92109752  0.11524974  0.37188283  0.4590453 ]
 [-0.38877752 -0.32323018 -0.86277127 -0.94578759]
 [ 0.02076957 -0.93927616  0.34253302  0.43625505]
 [ 0.          0.          0.          1.        ]] 
Camera frame 0: 
Homogenous T: [[-0.94308931  0.2821641   0.17597201 -0.02459286]
 [-0.27923772 -0.95931607  0.04170245 -0.1270159 ]
 [ 0.18057972 -0.00980888  0.98351145  0.66796395]
 [ 0.          0.          0.          1.        ]] 
Camera frame 1: 
Homogenous T: [[ 0.69722497 -0.46889174  0.54223406  0.25254633]
 [ 0.65365267  0.72639203 -0.21235059 -0.30612124]
 [-0.29430503  0.50248879  0.81295109  0.6243224 ]
 [ 0.          0.          0.          1.        ]] 
Camera frame 0: 
Homogenous T: [[ 0.67041981  0.35710204 -0.65039617 -0.76692196]
 [ 0.06279922  0.84611171  0.52929294  0.49515623]
 [ 0.7393195  -0.39569283  0.54482454  0.71562404]
 [ 0.          0.          0.          1.        ]] 
Camera frame 1: 
Homogenous T: [[ 0.66502154 -0.73603427  0.12649003  0.18930333]
 [ 0.67912418  0.66646385  0.30759737  0.13692676]
 [-0.31070322 -0.11865643  0.94307166  0.98769344]
 [ 0.          0.          0.          1.        ]] 
Camera frame 0: 
Homogenous T: [[-0.13290729  0.89081305 -0.43449703 -0.30461664]
 [-0.97767615 -0.18981642 -0.0901057   0.03323299]
 [-0.16274202  0.41282165  0.8961547   0.62845154]
 [ 0.          0.          0.          1.        ]] 
Camera frame 1: 
Homogenous T: [[-0.52687085 -0.63139158  0.56899184  0.66513371]
 [ 0.69358134 -0.7063331  -0.14155725 -0.07411962]
 [ 0.49127585  0.32005978  0.81006777  0.98569814]
 [ 0.          0.          0.          1.        ]] 
Camera frame 0: 
Homogenous T: [[ 0.30592504 -0.8996799  -0.31142572 -0.2899911 ]
 [ 0.81283671  0.41712993 -0.40656993 -0.39751367]
 [ 0.49568778 -0.12875834  0.85890329  0.93894705]
 [ 0.          0.          0.          1.        ]] 
Camera frame 1: 
Homogenous T: [[ 0.3530902   0.93510991 -0.02995922  0.01742952]
 [-0.82648987  0.3267628   0.45841181  0.41381797]
 [ 0.43845484 -0.13709967  0.88823479  0.75496058]
 [ 0.          0.          0.          1.        ]] 
Camera frame 0: 
Homogenous T: [[ 0.35054582 -0.93603057  0.03105496  0.06607275]
 [ 0.93639749  0.3497079  -0.02939623 -0.21059712]
 [ 0.0166556   0.03938451  0.99908531  1.06551895]
 [ 0.          0.          0.          1.        ]] 
Camera frame 1: 
Homogenous T: [[-0.17126521 -0.98488224  0.02597307  0.22999032]
 [ 0.52792895 -0.0694816   0.84644133  0.72565569]
 [-0.83184063  0.15867797  0.53184807  0.48653225]
 [ 0.          0.          0.          1.        ]] 
Camera frame 0: 
Homogenous T: [[ 0.59900022 -0.68206507  0.41950712  0.3661465 ]
 [ 0.67414808  0.7122646   0.19545771  0.36961613]
 [-0.43211487  0.16573066  0.88645929  1.03034959]
 [ 0.          0.          0.          1.        ]] 
Camera frame 1: 
Homogenous T: [[ 0.99131721  0.04111257 -0.12490002 -0.06655431]
 [-0.07631591  0.95340401 -0.29188463 -0.1339409 ]
 [ 0.10708005  0.2988821   0.94826335  0.88083846]
 [ 0.          0.          0.          1.        ]] 
Camera frame 0: 
Homogenous T: [[-0.28622019  0.777722    0.55966628  0.57395992]
 [-0.34533948  0.46111387 -0.81738269 -0.91704105]
 [-0.89376652 -0.42722628  0.13659802  0.17256516]
 [ 0.          0.          0.          1.        ]] 
Camera frame 1: 
Homogenous T: [[ 0.2072735   0.84214526  0.49782428  0.64886648]
 [-0.35685006  0.53889835 -0.76305073 -0.7853855 ]
 [-0.91087627 -0.01948841  0.41221902  0.51911061]
 [ 0.          0.          0.          1.        ]] 
