{
  "0": [{"cam_R_m2c": [0.40587106347084045, 0.7660126686096191, 0.4984910190105438, -0.37958934903144836, -0.3548758029937744, 0.8543858528137207, 0.8313727378845215, -0.5359923839569092, 0.14673638343811035], "cam_t_m2c": [-255.71572875976562, 146.07081604003906, 887.44091796875], "obj_id": 13}, {"cam_R_m2c": [0.4985140264034271, -0.08286665380001068, 0.8629118204116821, 0.8543724417686462, -0.12152767181396484, -0.5052511692047119, 0.14673615992069244, 0.9891228675842285, 0.010215744376182556], "cam_t_m2c": [-88.2180404663086, 51.36705780029297, 903.903076171875], "obj_id": 6}, {"cam_R_m2c": [-0.49851682782173157, 0.5335677862167358, -0.6832177639007568, -0.8543702960014343, -0.43582090735435486, 0.28304001688957214, -0.14673951268196106, 0.724821150302887, 0.6731284260749817], "cam_t_m2c": [-73.25353240966797, 7.9591498374938965, 1105.8070068359375], "obj_id": 18}, {"cam_R_m2c": [-0.4985141158103943, -0.003845041384920478, 0.8668730854988098, -0.8543723821640015, 0.17144666612148285, -0.49056485295295715, -0.1467362493276596, -0.9851859211921692, -0.08875368535518646], "cam_t_m2c": [244.98886108398438, -119.2553939819336, 765.3333129882812], "obj_id": 14}, {"cam_R_m2c": [-0.4985140860080719, 0.8014912605285645, -0.3302958905696869, -0.8543723225593567, -0.5187535881996155, 0.030700216069817543, -0.1467362493276596, 0.2975001633167267, 0.9433780312538147], "cam_t_m2c": [29.091960906982422, -25.884525299072266, 955.1578979492188], "obj_id": 2}, {"cam_R_m2c": [-0.2428622543811798, 0.8321666717529297, -0.4985140860080719, 0.3001371920108795, -0.42422330379486084, -0.8543722629547119, -0.9224615693092346, -0.35711750388145447, -0.14673618972301483], "cam_t_m2c": [209.06509399414062, -121.34037780761719, 899.49267578125], "obj_id": 4}, {"cam_R_m2c": [-0.32734909653663635, -0.8026993274688721, -0.49851396679878235, 0.028794236481189728, 0.5188628435134888, -0.8543723821640015, 0.9444645047187805, -0.2940324544906616, -0.14673613011837006], "cam_t_m2c": [1.246363878250122, 2.1358728408813477, 886.5841064453125], "obj_id": 16}, {"cam_R_m2c": [-0.8635604977607727, 0.0758088082075119, -0.49851399660110474, 0.5042406320571899, 0.12565448880195618, -0.8543724417686462, -0.002128457184880972, -0.9891733527183533, -0.14673607051372528], "cam_t_m2c": [-23.099040985107422, 46.69172668457031, 709.8671875], "obj_id": 3}],
  "1": [{"cam_R_m2c": [0.6057708859443665, 0.7919019460678101, -0.07702542096376419, -0.7953267693519592, 0.6054012775421143, -0.030734773725271225, 0.02229236252605915, 0.07987861335277557, 0.9965552687644958], "cam_t_m2c": [-292.3398742675781, -24.455121994018555, 782.1949462890625], "obj_id": 13}, {"cam_R_m2c": [-0.07699878513813019, 0.06976238638162613, 0.9945874810218811, -0.030732445418834686, -0.9972410202026367, 0.06756927073001862, 0.996557354927063, -0.02536335028707981, 0.07893044501543045], "cam_t_m2c": [-100.24365234375, -25.47209358215332, 802.0264282226562], "obj_id": 6}, {"cam_R_m2c": [0.07699519395828247, 0.7349275946617126, -0.6737604737281799, 0.030735472217202187, -0.6771948933601379, -0.7351614832878113, -0.9965575933456421, 0.03589554876089096, -0.07472909241914749], "cam_t_m2c": [-49.32227325439453, -226.1591033935547, 799.7720947265625], "obj_id": 18}, {"cam_R_m2c": [0.07699888944625854, -0.16887728869915009, 0.982624888420105, 0.030732426792383194, 0.9854844808578491, 0.16696053743362427, -0.9965574145317078, 0.017342669889330864, 0.08107122033834457], "cam_t_m2c": [260.0194396972656, 143.22718811035156, 835.0645751953125], "obj_id": 14}, {"cam_R_m2c": [0.07699909806251526, 0.9718711376190186, -0.22257018089294434, 0.030732527375221252, -0.22544027864933014, -0.9737720489501953, -0.9965572953224182, 0.06813932955265045, -0.047226641327142715], "cam_t_m2c": [43.29116439819336, -66.18489837646484, 811.861083984375], "obj_id": 2}, {"cam_R_m2c": [-0.4334248900413513, 0.8978942632675171, 0.07699891924858093, 0.9011716842651367, 0.43237149715423584, 0.030732400715351105, -0.00569769274443388, 0.0827094316482544, -0.9965574145317078], "cam_t_m2c": [241.08218383789062, 5.741083145141602, 829.357666015625], "obj_id": 4}, {"cam_R_m2c": [-0.21899819374084473, -0.9726823568344116, 0.07699892669916153, -0.9745938181877136, 0.2218613475561142, 0.030732400715351105, -0.04697595164179802, -0.06831233203411102, -0.9965574145317078], "cam_t_m2c": [-0.19265827536582947, -0.0768035501241684, 810.5361938476562], "obj_id": 16}, {"cam_R_m2c": [-0.9939836859703064, -0.07789167761802673, 0.07699891924858093, -0.07572033256292343, 0.9966554045677185, 0.030732404440641403, -0.07913518697023392, 0.02471713162958622, -0.9965571761131287], "cam_t_m2c": [-57.703582763671875, 174.5611114501953, 811.4782104492188], "obj_id": 3}],
  "2": [{"cam_R_m2c": [-0.5784592628479004, -0.8153632283210754, -0.02383226342499256, 0.3389327824115753, -0.26682567596435547, 0.9021800756454468, -0.7419634461402893, 0.5137967467308044, 0.4307008981704712], "cam_t_m2c": [195.47747802734375, -3.4347009658813477, 673.4498901367188], "obj_id": 13}, {"cam_R_m2c": [-0.023858891800045967, -0.03404643014073372, -0.9991353750228882, 0.9021786451339722, 0.4298416078090668, -0.036190908402204514, 0.4307020604610443, -0.9022621512413025, 0.02046046033501625], "cam_t_m2c": [2.497807502746582, 0.0905296802520752, 666.9920043945312], "obj_id": 6}, {"cam_R_m2c": [0.023862767964601517, -0.7121375799179077, 0.7016343474388123, -0.9021800756454468, 0.28702545166015625, 0.32200559973716736, -0.4306991994380951, -0.6406844258308411, -0.6356270909309387], "cam_t_m2c": [-41.31454849243164, 86.33206939697266, 483.91766357421875], "obj_id": 18}, {"cam_R_m2c": [0.02385908178985119, 0.1337951421737671, -0.9907217025756836, -0.9021786451339722, -0.42406725883483887, -0.0789961889386177, -0.4307020306587219, 0.8956928253173828, 0.11058937013149261], "cam_t_m2c": [-364.5994873046875, -75.25504302978516, 804.48046875], "obj_id": 14}, {"cam_R_m2c": [0.02385912649333477, -0.9658330678939819, 0.2580645680427551, -0.9021787643432617, 0.09041060507297516, 0.4217813014984131, -0.4307020902633667, -0.24288371205329895, -0.8691969513893127], "cam_t_m2c": [-139.8784637451172, 16.644147872924805, 624.4306030273438], "obj_id": 2}, {"cam_R_m2c": [0.401938259601593, -0.9153558611869812, 0.02385905012488365, -0.38581356406211853, -0.19292855262756348, -0.9021786451339722, 0.8304176330566406, 0.35341495275497437, -0.4307020306587219], "cam_t_m2c": [-340.677001953125, -15.7957763671875, 681.2493286132812], "obj_id": 4}, {"cam_R_m2c": [0.25451478362083435, 0.9667744636535645, 0.023858988657593727, 0.42211052775382996, -0.08886059373617172, -0.9021786451339722, -0.870083212852478, 0.23968885838985443, -0.43070194125175476], "cam_t_m2c": [-98.67915344238281, -11.57907485961914, 685.8223266601562], "obj_id": 16}, {"cam_R_m2c": [0.9988236427307129, 0.0422140397131443, 0.023858992382884026, 0.039704032242298126, -0.42953118681907654, -0.9021785855293274, -0.027836423367261887, 0.9020646214485168, -0.43070197105407715], "cam_t_m2c": [-47.32640838623047, -86.53308868408203, 845.6709594726562], "obj_id": 3}],
  "3": [{"cam_R_m2c": [0.8775026202201843, -0.15396133065223694, -0.45418620109558105, 0.46764615178108215, 0.48459845781326294, 0.7392370700836182, 0.10628402233123779, -0.8610808849334717, 0.49723583459854126], "cam_t_m2c": [-99.46446228027344, -196.19342041015625, 925.2244262695312], "obj_id": 13}, {"cam_R_m2c": [-0.45417726039886475, 0.8173203468322754, 0.35455670952796936, 0.7392546534538269, 0.12362691760063171, 0.6619810461997986, 0.4972178339958191, 0.5627644658088684, -0.6603564620018005], "cam_t_m2c": [-22.095043182373047, -63.30830764770508, 808.3877563476562], "obj_id": 6}, {"cam_R_m2c": [0.4541732668876648, 0.8370645642280579, 0.3050401210784912, -0.7392573952674866, 0.5451706647872925, -0.3953319489955902, -0.4972173273563385, -0.04595398157835007, 0.8664081692695618], "cam_t_m2c": [157.51397705078125, -13.688020706176758, 898.6749267578125], "obj_id": 18}, {"cam_R_m2c": [0.4541771709918976, -0.8486807942390442, 0.27104243636131287, -0.7392547130584717, -0.18920913338661194, 0.6462990045547485, -0.4972178339958191, -0.49390363693237305, -0.7133257389068604], "cam_t_m2c": [-7.7308454513549805, 165.36561584472656, 481.52020263671875], "obj_id": 14}, {"cam_R_m2c": [0.45417729020118713, 0.5769749283790588, 0.678839385509491, -0.7392546534538269, 0.6693164706230164, -0.07428288459777832, -0.49721774458885193, -0.46809759736061096, 0.7305197715759277], "cam_t_m2c": [68.98445129394531, 36.113948822021484, 743.7638549804688], "obj_id": 2}, {"cam_R_m2c": [-0.8905207514762878, 0.026375016197562218, 0.45417723059654236, -0.36017677187919617, 0.5690125226974487, -0.7392545938491821, -0.2779303789138794, -0.8219057321548462, -0.49721774458885193], "cam_t_m2c": [93.2381362915039, 163.25131225585938, 576.8848266601562], "obj_id": 4}, {"cam_R_m2c": [0.6809545159339905, -0.5744770765304565, 0.4541771709918976, -0.07182350754737854, -0.6695846915245056, -0.7392546534538269, 0.728795051574707, 0.4707781672477722, -0.4972176253795624], "cam_t_m2c": [-1.1355112791061401, 1.8481444120407104, 730.6517944335938], "obj_id": 16}, {"cam_R_m2c": [-0.34786257147789, -0.8201918601989746, 0.45417720079421997, -0.6609480977058411, -0.1290351003408432, -0.7392547130584717, 0.6649355292320251, -0.5573466420173645, -0.49721774458885193], "cam_t_m2c": [-162.84588623046875, -50.185585021972656, 660.3024291992188], "obj_id": 3}],
  "4": [{"cam_R_m2c": [-0.47324761748313904, -0.7547861933708191, -0.454240620136261, 0.8003753423690796, -0.5838159918785095, 0.1362285166978836, -0.3680163323879242, -0.29909318685531616, 0.8804017901420593], "cam_t_m2c": [263.4772644042969, 18.032365798950195, 914.180419921875], "obj_id": 13}, {"cam_R_m2c": [-0.4542643129825592, 0.020438572391867638, -0.8906324505805969, 0.13622669875621796, 0.9895729422569275, -0.04677291586995125, 0.8803898096084595, -0.1425751894712448, -0.4523119330406189], "cam_t_m2c": [89.99478912353516, 23.474878311157227, 829.507568359375], "obj_id": 6}, {"cam_R_m2c": [0.4542674422264099, -0.5979436635971069, 0.6603820323944092, -0.13622985780239105, 0.6859380602836609, 0.7147939205169678, -0.8803876638412476, -0.4146713316440582, 0.2301415652036667], "cam_t_m2c": [61.28789520263672, 223.36708068847656, 783.7652587890625], "obj_id": 18}, {"cam_R_m2c": [0.45426446199417114, 0.0687323808670044, -0.8882114887237549, -0.13622672855854034, -0.9799343943595886, -0.14550158381462097, -0.8803896903991699, 0.18709434568881989, -0.4357861280441284], "cam_t_m2c": [-244.5471954345703, -136.3777313232422, 681.6249389648438], "obj_id": 14}, {"cam_R_m2c": [0.4542645514011383, -0.8461728096008301, 0.2786310017108917, -0.13622677326202393, 0.24310678243637085, 0.9603860378265381, -0.8803896903991699, -0.47422629594802856, -0.004836587700992823], "cam_t_m2c": [-34.36196517944336, 66.72926330566406, 758.6488647460938], "obj_id": 2}, {"cam_R_m2c": [0.31111860275268555, -0.8347748517990112, 0.45426443219184875, -0.901757538318634, -0.41021421551704407, -0.13622669875621796, 0.3000643253326416, -0.36725369095802307, -0.8803897500038147], "cam_t_m2c": [-216.31736755371094, -0.5286398530006409, 675.1661376953125], "obj_id": 4}, {"cam_R_m2c": [0.2755207419395447, 0.8471906781196594, 0.4542643427848816, 0.9612725377082825, -0.23957695066928864, -0.13622674345970154, -0.006578711327165365, 0.4742051661014557, -0.8803895115852356], "cam_t_m2c": [-1.1356900930404663, 0.34061378240585327, 786.061279296875], "obj_id": 16}, {"cam_R_m2c": [0.8907697796821594, -0.013156183063983917, 0.45426440238952637, 0.05486200004816055, -0.9891574382781982, -0.13622671365737915, 0.4511312246322632, 0.14626848697662354, -0.8803897500038147], "cam_t_m2c": [35.59035110473633, -173.8734893798828, 831.9682006835938], "obj_id": 3}]
}