{
  "0": [{"cam_R_m2c": [0.19715189933776855, -0.37699124217033386, 0.9049909114837646, -0.8753433227539062, -0.48338374495506287, -0.010669704526662827, 0.44148045778274536, -0.7900742888450623, -0.42529669404029846], "cam_t_m2c": [-231.43789672851562, 7.823431968688965, 808.6044311523438], "obj_id": 12}, {"cam_R_m2c": [0.19715182483196259, 0.25943154096603394, -0.9454238414764404, -0.875343382358551, 0.4808478057384491, -0.050589364022016525, 0.44148045778274536, 0.8375443816184998, 0.32189178466796875], "cam_t_m2c": [71.02142333984375, -13.257909774780273, 631.7364501953125], "obj_id": 13}, {"cam_R_m2c": [0.19715173542499542, -0.8251997232437134, -0.5293170213699341, -0.875343382358551, 0.09496524930000305, -0.474083811044693, 0.44148051738739014, 0.5568005442619324, -0.7036105394363403], "cam_t_m2c": [-52.31787872314453, 117.16592407226562, 945.4132690429688], "obj_id": 10}, {"cam_R_m2c": [-0.8267452120780945, -0.5268996953964233, -0.19715169072151184, -0.390468955039978, 0.2851453423500061, 0.875343382358551, -0.40500131249427795, 0.8006677031517029, -0.441480427980423], "cam_t_m2c": [35.74198913574219, -50.98868942260742, 572.6719970703125], "obj_id": 18}, {"cam_R_m2c": [-0.9777525663375854, 0.0716296061873436, -0.19715167582035065, -0.14265795052051544, 0.46197691559791565, 0.8753433227539062, 0.1537800133228302, 0.8839945793151855, -0.44148048758506775], "cam_t_m2c": [0.492853581905365, -2.1883254051208496, 685.171875], "obj_id": 15}, {"cam_R_m2c": [0.45844459533691406, -0.8665792942047119, 0.19715146720409393, 0.4803652763366699, 0.05498133972287178, -0.875343382358551, 0.7477149367332458, 0.49600109457969666, 0.4414806365966797], "cam_t_m2c": [-140.65643310546875, 78.45740509033203, 896.7792358398438], "obj_id": 2}, {"cam_R_m2c": [-0.19715170562267303, 0.11397131532430649, -0.9737256765365601, 0.8753434419631958, -0.4268014132976532, -0.22718781232833862, -0.441480427980423, -0.8971349000930786, -0.015619366429746151], "cam_t_m2c": [-156.78257751464844, 146.90493774414062, 1051.02880859375], "obj_id": 14}, {"cam_R_m2c": [0.19715175032615662, 0.3906272053718567, 0.899189293384552, -0.875343382358551, -0.34288954734802246, 0.34088197350502014, 0.44148048758506775, -0.8543049097061157, 0.27433180809020996], "cam_t_m2c": [-198.5933074951172, 94.84300994873047, 966.4747314453125], "obj_id": 8}],
  "1": [{"cam_R_m2c": [-0.0829002782702446, 0.9885044693946838, -0.1264372169971466, 0.939679741859436, 0.11978667974472046, 0.32039520144462585, 0.3318575918674469, -0.09224963188171387, -0.9388079643249512], "cam_t_m2c": [18.22882080078125, -83.53778839111328, 1017.8507690429688], "obj_id": 12}, {"cam_R_m2c": [-0.08290037512779236, -0.9645559191703796, 0.25051817297935486, 0.939679741859436, -0.15937034785747528, -0.30265989899635315, 0.3318575918674469, 0.2103162556886673, 0.9195855855941772], "cam_t_m2c": [9.572823524475098, 32.63528823852539, 686.735595703125], "obj_id": 13}, {"cam_R_m2c": [-0.08290033787488937, -0.0482245497405529, 0.9953902959823608, 0.939679741859436, -0.33639639616012573, 0.06196286529302597, 0.3318576216697693, 0.940484881401062, 0.07320305705070496], "cam_t_m2c": [-220.6066131591797, -77.98455810546875, 942.4635620117188], "obj_id": 10}, {"cam_R_m2c": [0.8832674026489258, -0.4614826440811157, 0.08290036767721176, -0.08492381870746613, -0.3313455283641815, -0.939679741859436, 0.4611145853996277, 0.8229482173919678, -0.3318575620651245], "cam_t_m2c": [87.68779754638672, 39.94732666015625, 685.5331420898438], "obj_id": 18}, {"cam_R_m2c": [0.4323875606060028, -0.8978688716888428, 0.08290043473243713, -0.2661105990409851, -0.21491190791130066, -0.9396796822547913, 0.8615254759788513, 0.3842450976371765, -0.3318576216697693], "cam_t_m2c": [-0.2073197364807129, 2.349349021911621, 770.037841796875], "obj_id": 15}, {"cam_R_m2c": [-0.9959361553192139, 0.035196755081415176, -0.08290024101734161, -0.08988112211227417, -0.3300352394580841, 0.9396798014640808, 0.005713679362088442, 0.9433122277259827, 0.33185750246047974], "cam_t_m2c": [-123.352294921875, -90.70806884765625, 987.7077026367188], "obj_id": 2}, {"cam_R_m2c": [0.08290030062198639, 0.8002614378929138, 0.5938931703567505, -0.939679741859436, 0.2612234055995941, -0.22082637250423431, -0.3318576216697693, -0.5397628545761108, 0.7736449837684631], "cam_t_m2c": [-260.6993713378906, -129.76779174804688, 1079.076171875], "obj_id": 14}, {"cam_R_m2c": [-0.08290030807256699, 0.5943784713745117, -0.7999010682106018, 0.939679741859436, 0.3139125406742096, 0.13587065041065216, 0.3318575620651245, -0.7403871417045593, -0.5845488905906677], "cam_t_m2c": [-154.03834533691406, -117.2865219116211, 1070.3792724609375], "obj_id": 8}],
  "2": [{"cam_R_m2c": [-0.1720065176486969, -0.13248877227306366, 0.9761458039283752, 0.04063817486166954, -0.9910253882408142, -0.12734746932983398, 0.9842572808265686, 0.017764193937182426, 0.17584681510925293], "cam_t_m2c": [-254.689208984375, 48.32061767578125, 666.0148315429688], "obj_id": 12}, {"cam_R_m2c": [-0.1720065176486969, 0.007890050299465656, -0.9850642085075378, 0.04063819721341133, 0.9991735219955444, 0.0009070404339581728, 0.9842572212219238, -0.03987521678209305, -0.1721849888563156], "cam_t_m2c": [81.39391326904297, -31.727697372436523, 728.0531005859375], "obj_id": 13}, {"cam_R_m2c": [-0.17200660705566406, -0.9379806518554688, -0.3010081648826599, 0.04063824936747551, 0.29854583740234375, -0.9535296559333801, 0.984257161617279, -0.17624591290950775, -0.013233927078545094], "cam_t_m2c": [-124.11957550048828, 261.6553649902344, 680.0247192382812], "obj_id": 10}, {"cam_R_m2c": [-0.6668397188186646, -0.7250781655311584, 0.17200666666030884, -0.7402251958847046, 0.6711298227310181, -0.040638215839862823, -0.08597291260957718, -0.1544228494167328, -0.984257161617279], "cam_t_m2c": [64.78116607666016, -108.41414642333984, 728.312255859375], "obj_id": 18}, {"cam_R_m2c": [-0.9679809212684631, -0.18282857537269592, 0.17200666666030884, -0.19240924715995789, 0.980472981929779, -0.04063821956515312, -0.16121806204319, -0.07243270426988602, -0.9842570424079895], "cam_t_m2c": [-0.4300563633441925, 0.10145606845617294, 712.4356689453125], "obj_id": 15}, {"cam_R_m2c": [0.22150279581546783, -0.9598698019981384, -0.17200669646263123, 0.9751584529876709, 0.21774859726428986, 0.04063805565237999, -0.0015530406963080168, -0.17673523724079132, 0.9842572212219238], "cam_t_m2c": [-192.6858367919922, 179.31942749023438, 666.3578491210938], "obj_id": 2}, {"cam_R_m2c": [0.17200668156147003, 0.3620254397392273, -0.9161611199378967, -0.04063820093870163, -0.9266228675842285, -0.3737891912460327, -0.984257161617279, 0.10152535885572433, -0.144673153758049], "cam_t_m2c": [-252.8179931640625, 337.3681335449219, 654.4075927734375], "obj_id": 14}, {"cam_R_m2c": [-0.17200647294521332, 0.6114447712898254, 0.7723660469055176, 0.040638286620378494, -0.778980016708374, 0.6257308125495911, 0.9842573404312134, 0.13901729881763458, 0.10914133489131927], "cam_t_m2c": [-268.3819580078125, 230.77110290527344, 656.0888671875], "obj_id": 8}],
  "3": [{"cam_R_m2c": [-0.8126245737075806, -0.5338431000709534, -0.23377884924411774, 0.4125136733055115, -0.2435338944196701, -0.8777946829795837, 0.41167160868644714, -0.8097546100616455, 0.4181194007396698], "cam_t_m2c": [-96.73432922363281, 34.77032470703125, 700.8826293945312], "obj_id": 12}, {"cam_R_m2c": [-0.8126247525215149, 0.5591362714767456, 0.16434019804000854, 0.4125136733055115, 0.3526628613471985, 0.8399174809455872, 0.41167163848876953, 0.7503302693367004, -0.5172339081764221], "cam_t_m2c": [-197.53024291992188, -280.47265625, 817.8030395507812], "obj_id": 13}, {"cam_R_m2c": [-0.8126245737075806, 0.3234587013721466, -0.4847840368747711, 0.41251373291015625, 0.906843364238739, -0.08641468733549118, 0.41167160868644714, -0.27020278573036194, -0.8703543543815613], "cam_t_m2c": [1.2119375467300415, 0.21633970737457275, 928.849609375], "obj_id": 10}, {"cam_R_m2c": [-0.3042956292629242, 0.49703657627105713, 0.8126246929168701, 0.30211392045021057, 0.859394907951355, -0.4125136733055115, -0.9033998847007751, 0.119979128241539, -0.41167178750038147], "cam_t_m2c": [-237.77835083007812, -293.8971862792969, 751.7974243164062], "obj_id": 18}, {"cam_R_m2c": [0.053065575659275055, 0.5803664326667786, 0.8126247525215149, 0.7558242082595825, 0.5084900856018066, -0.412513792514801, -0.652620792388916, 0.6360917091369629, -0.4116716980934143], "cam_t_m2c": [-166.06500244140625, -199.28485107421875, 798.5510864257812], "obj_id": 15}, {"cam_R_m2c": [0.510138750076294, 0.281779021024704, -0.8126247525215149, 0.1619584709405899, 0.896438479423523, 0.4125136733055115, 0.8447058200836182, -0.3420506715774536, 0.4116714894771576], "cam_t_m2c": [-29.24420166015625, 27.784400939941406, 828.950927734375], "obj_id": 2}, {"cam_R_m2c": [0.8126247525215149, -0.5799644589424133, -0.05729110538959503, -0.41251370310783386, -0.6418545246124268, 0.6464172601699829, -0.41167160868644714, -0.5016613006591797, -0.7608301043510437], "cam_t_m2c": [65.08470153808594, 137.1414794921875, 917.7268676757812], "obj_id": 14}, {"cam_R_m2c": [-0.8126246333122253, -0.5386319160461426, 0.22252346575260162, 0.4125136435031891, -0.80133455991745, -0.43323805928230286, 0.41167163848876953, -0.260265976190567, 0.8733773827552795], "cam_t_m2c": [7.881674766540527, 112.06563568115234, 829.9373168945312], "obj_id": 8}],
  "4": [{"cam_R_m2c": [-0.44132107496261597, 0.32835036516189575, 0.835117757320404, -0.8932653665542603, -0.2494368553161621, -0.3739761710166931, 0.08551395684480667, -0.91102534532547, 0.40338581800460815], "cam_t_m2c": [-225.22193908691406, 99.6539306640625, 595.6981811523438], "obj_id": 12}, {"cam_R_m2c": [-0.4413210153579712, -0.431396484375, -0.7868497967720032, -0.8932653069496155, 0.29475903511047363, 0.33940258622169495, 0.08551392704248428, 0.8526511788368225, -0.5154348015785217], "cam_t_m2c": [78.16486358642578, -39.8830451965332, 703.8379516601562], "obj_id": 13}, {"cam_R_m2c": [-0.44132110476493835, -0.8796423673629761, 0.17738313972949982, -0.8932652473449707, 0.41180655360221863, -0.180256649851799, 0.08551386743783951, -0.23800130188465118, -0.9674928188323975], "cam_t_m2c": [-214.43109130859375, 118.21639251708984, 845.2886352539062], "obj_id": 10}, {"cam_R_m2c": [-0.20812799036502838, -0.8728793263435364, 0.44132113456726074, 0.00919522438198328, 0.44943568110466003, 0.8932653665542603, -0.9780583381652832, 0.18997161090373993, -0.08551380038261414], "cam_t_m2c": [98.49581146240234, -56.991214752197266, 630.00830078125], "obj_id": 18}, {"cam_R_m2c": [-0.6885273456573486, -0.5754700303077698, 0.44132110476493835, 0.27596694231033325, 0.3548509478569031, 0.8932653665542603, -0.6706506609916687, 0.7368276715278625, -0.08551385253667831], "cam_t_m2c": [-1.1034207344055176, -2.233246088027954, 687.9889526367188], "obj_id": 15}, {"cam_R_m2c": [-0.2503332197666168, -0.8617243766784668, -0.44132116436958313, 0.2140674889087677, 0.39528730511665344, -0.8932653665542603, 0.9441972374916077, -0.31808653473854065, 0.085513636469841], "cam_t_m2c": [-231.67283630371094, 122.13545989990234, 738.730224609375], "obj_id": 2}, {"cam_R_m2c": [0.4413211941719055, 0.6949471235275269, -0.5677006244659424, 0.8932653069496155, -0.4005115032196045, 0.2041260004043579, -0.08551390469074249, -0.5971924662590027, -0.7975263595581055], "cam_t_m2c": [-350.3475036621094, 185.06529235839844, 842.1432495117188], "obj_id": 14}, {"cam_R_m2c": [-0.44132107496261597, 0.829401433467865, 0.3425329625606537, -0.8932653069496155, -0.4424237012863159, -0.0796126201748848, 0.08551391959190369, -0.341107577085495, 0.9361265897750854], "cam_t_m2c": [-316.0777282714844, 158.6873779296875, 743.4630126953125], "obj_id": 8}]
}