{
  "0": [{"cam_R_m2c": [0.6102681756019592, -0.7730774283409119, -0.1729855239391327, -0.6406426429748535, -0.35316258668899536, -0.6818013191223145, 0.465993195772171, 0.5269035696983337, -0.7107902765274048], "cam_t_m2c": [32.050811767578125, -81.60910034179688, 502.0601806640625], "obj_id": 12}, {"cam_R_m2c": [-0.6124891638755798, 0.502424418926239, 0.6102678179740906, -0.7546330094337463, -0.1417938470840454, -0.6406431198120117, -0.23534254729747772, -0.8529151678085327, 0.465993195772171], "cam_t_m2c": [-1.5256516933441162, 1.6015162467956543, 649.6913452148438], "obj_id": 11}, {"cam_R_m2c": [-0.7891520857810974, 0.06936874985694885, 0.6102678775787354, -0.543132483959198, -0.5427554845809937, -0.6406430602073669, 0.28678566217422485, -0.8370211720466614, 0.46599310636520386], "cam_t_m2c": [13.560935974121094, -142.47903442382812, 431.85321044921875], "obj_id": 1}, {"cam_R_m2c": [-0.6102675795555115, -0.23245814442634583, 0.757321834564209, 0.6406431198120117, 0.41751956939697266, 0.6444018483161926, -0.46599313616752625, 0.8784307241439819, -0.10587587207555771], "cam_t_m2c": [-410.8602600097656, -191.5920867919922, 930.895751953125], "obj_id": 17}, {"cam_R_m2c": [-0.6102675199508667, -0.30563122034072876, 0.7308646440505981, 0.6406433582305908, 0.3522889316082001, 0.6822526454925537, -0.4659932255744934, 0.8845801949501038, -0.01918988674879074], "cam_t_m2c": [19.017723083496094, 132.71664428710938, 813.7814331054688], "obj_id": 10}, {"cam_R_m2c": [0.008449750952422619, -0.7921501398086548, -0.610267698764801, -0.5829328298568726, -0.4997655749320984, 0.6406431198120117, -0.812476396560669, 0.3503318428993225, -0.46599316596984863], "cam_t_m2c": [-387.1911315917969, -254.18150329589844, 813.8429565429688], "obj_id": 4}, {"cam_R_m2c": [-0.669394314289093, -0.4236558973789215, -0.610267698764801, -0.7315954566001892, 0.23311872780323029, 0.6406431198120117, -0.1291474550962448, 0.875312089920044, -0.4659930169582367], "cam_t_m2c": [-229.72787475585938, -130.7657928466797, 777.298828125], "obj_id": 7}, {"cam_R_m2c": [0.6102678775787354, 0.6480377316474915, -0.4556536078453064, -0.6406430602073669, 0.7420502305030823, 0.1973268985748291, 0.46599313616752625, 0.17148905992507935, 0.8680102825164795], "cam_t_m2c": [-47.650386810302734, 73.90768432617188, 820.2404174804688], "obj_id": 9}],
  "1": [{"cam_R_m2c": [-0.03909480199217796, 0.8087282776832581, 0.5868818163871765, 0.12401998043060303, -0.5788623690605164, 0.8059388995170593, 0.9915093183517456, 0.10429304093122482, -0.07766804099082947], "cam_t_m2c": [-226.519287109375, 305.620361328125, 810.0980834960938], "obj_id": 12}, {"cam_R_m2c": [0.9604928493499756, -0.27554506063461304, -0.039094287902116776, 0.27828773856163025, 0.9524573087692261, 0.12402009963989258, 0.0030625169165432453, -0.12999987602233887, 0.9915092587471008], "cam_t_m2c": [-257.65966796875, 136.3435516357422, 824.9971313476562], "obj_id": 11}, {"cam_R_m2c": [0.9485276341438293, 0.31427210569381714, -0.039094287902116776, -0.3074747323989868, 0.9434396028518677, 0.12402014434337616, 0.0758591741323471, -0.10561603307723999, 0.9915092587471008], "cam_t_m2c": [-171.77487182617188, 381.93865966796875, 797.6638793945312], "obj_id": 1}, {"cam_R_m2c": [0.03909413143992424, -0.10949772596359253, -0.993217945098877, -0.12402009963989258, -0.9868239760398865, 0.10391124337911606, -0.9915093183517456, 0.11911666393280029, -0.05215899273753166], "cam_t_m2c": [174.62644958496094, -169.34230041503906, 885.3241577148438], "obj_id": 17}, {"cam_R_m2c": [0.03909385949373245, -0.011533714830875397, -0.9991689920425415, -0.12402012199163437, -0.992257833480835, 0.0066014742478728294, -0.9915093183517456, 0.12365897744894028, -0.04022166505455971], "cam_t_m2c": [-361.2247314453125, -45.99677276611328, 848.767822265625], "obj_id": 10}, {"cam_R_m2c": [0.3863156735897064, 0.9215377569198608, 0.03909413516521454, 0.9169877171516418, -0.379146933555603, -0.12402012944221497, -0.09946680814027786, 0.08375976234674454, -0.991509199142456], "cam_t_m2c": [199.2959747314453, -37.69786834716797, 869.82666015625], "obj_id": 4}, {"cam_R_m2c": [0.9870026111602783, 0.15587638318538666, 0.03909419849514961, 0.1595822274684906, -0.9793632626533508, -0.12402018904685974, 0.01895560696721077, 0.12864699959754944, -0.9915092587471008], "cam_t_m2c": [-0.09767897427082062, 0.30999210476875305, 857.210693359375], "obj_id": 7}, {"cam_R_m2c": [-0.03909436985850334, -0.9782714247703552, 0.203608900308609, 0.1240200623869896, -0.2069394886493683, -0.9704612493515015, 0.9915092587471008, -0.012688017450273037, 0.12941549718379974], "cam_t_m2c": [-272.3887634277344, -51.91411590576172, 853.0107421875], "obj_id": 9}],
  "2": [{"cam_R_m2c": [0.30844008922576904, 0.842020571231842, -0.44256749749183655, 0.46620675921440125, 0.2717334032058716, 0.8419098258018494, 0.8291658163070679, -0.46600669622421265, -0.3087422251701355], "cam_t_m2c": [-358.0716247558594, 0.4169996976852417, 860.68603515625], "obj_id": 12}, {"cam_R_m2c": [0.17006197571754456, -0.9359186291694641, 0.3084401488304138, 0.8305961489677429, 0.304566890001297, 0.4662071466445923, -0.5302726030349731, 0.1769050806760788, 0.8291655778884888], "cam_t_m2c": [-228.02584838867188, -112.93013000488281, 870.0064086914062], "obj_id": 11}, {"cam_R_m2c": [0.6683568358421326, -0.6768779754638672, 0.30844011902809143, 0.5140394568443298, 0.7200098633766174, 0.46620723605155945, -0.5376453399658203, -0.15304237604141235, 0.829165518283844], "cam_t_m2c": [-402.4942626953125, 77.40418243408203, 827.8890991210938], "obj_id": 1}, {"cam_R_m2c": [-0.30844026803970337, 0.8014054298400879, -0.5124586224555969, -0.46620723605155945, -0.596943199634552, -0.6529238224029541, -0.8291654586791992, 0.037523914128541946, 0.5577424168586731], "cam_t_m2c": [221.00949096679688, 36.426109313964844, 625.0278930664062], "obj_id": 17}, {"cam_R_m2c": [-0.30844032764434814, 0.8478126525878906, -0.4313678741455078, -0.46620744466781616, -0.5300112366676331, -0.7083351612091064, -0.8291653394699097, -0.017372218891978264, 0.5587334036827087], "cam_t_m2c": [-113.2899398803711, -280.4504699707031, 927.5508422851562], "obj_id": 10}, {"cam_R_m2c": [-0.6234517693519592, 0.7184514999389648, -0.30844008922576904, 0.7574234008789062, 0.45712199807167053, -0.4662072956562042, -0.19395259022712708, -0.5242775082588196, -0.8291654586791992], "cam_t_m2c": [118.38565063476562, 123.226318359375, 614.393798828125], "obj_id": 4}, {"cam_R_m2c": [0.2833695113658905, 0.9080564379692078, -0.3084401786327362, 0.787058413028717, -0.4039677083492279, -0.46620726585388184, -0.5479423403739929, -0.11065148562192917, -0.8291655778884888], "cam_t_m2c": [0.7710443139076233, 1.1655380725860596, 726.7750854492188], "obj_id": 7}, {"cam_R_m2c": [0.30844002962112427, -0.23895186185836792, 0.9207425117492676, 0.46620720624923706, -0.8057420253753662, -0.3652818500995636, 0.8291656374931335, 0.5419243574142456, -0.13712206482887268], "cam_t_m2c": [-70.3562240600586, -220.27554321289062, 877.7459716796875], "obj_id": 9}],
  "3": [{"cam_R_m2c": [-0.6907397508621216, -0.6884274482727051, -0.2212376892566681, -0.6677258014678955, 0.7246789932250977, -0.17024272680282593, 0.2775260806083679, 0.030132697895169258, -0.9602453708648682], "cam_t_m2c": [50.48064041137695, -182.17520141601562, 648.4277954101562], "obj_id": 12}, {"cam_R_m2c": [-0.5983538031578064, 0.40601834654808044, -0.6907400488853455, 0.31230032444000244, -0.6757299304008484, -0.667725682258606, -0.7378625869750977, -0.6152545809745789, 0.277525931596756], "cam_t_m2c": [37.2291145324707, -98.41458129882812, 798.9432983398438], "obj_id": 11}, {"cam_R_m2c": [-0.7230996489524841, -0.0022621050011366606, -0.6907400488853455, 0.6390385627746582, -0.38180118799209595, -0.667725682258606, -0.26221489906311035, -0.9242417216300964, 0.2775258421897888], "cam_t_m2c": [33.834381103515625, -195.80979919433594, 556.16162109375], "obj_id": 1}, {"cam_R_m2c": [0.6907401084899902, -0.1486247032880783, 0.7076643109321594, 0.6677256226539612, 0.5067042112350464, -0.5453377962112427, -0.27752578258514404, 0.8492122888565063, 0.4492414593696594], "cam_t_m2c": [-333.637939453125, 283.9336853027344, 813.8421020507812], "obj_id": 17}, {"cam_R_m2c": [0.6907402873039246, -0.21733051538467407, 0.6896703839302063, 0.6677255034446716, 0.5577583312988281, -0.49299922585487366, -0.2775256037712097, 0.8010450005531311, 0.530383288860321], "cam_t_m2c": [63.429901123046875, -48.485836029052734, 1002.3134765625], "obj_id": 10}, {"cam_R_m2c": [-0.057886939495801926, -0.7207822799682617, 0.6907400488853455, -0.3315050005912781, 0.6665184497833252, 0.6677256226539612, -0.9416758418083191, -0.19033116102218628, -0.2775256335735321], "cam_t_m2c": [-320.7385559082031, 221.26754760742188, 695.1593627929688], "obj_id": 4}, {"cam_R_m2c": [-0.6435618996620178, -0.3297059237957001, 0.6907401084899902, 0.39268240332603455, 0.6324104070663452, 0.667725682258606, -0.6569843292236328, 0.7009643912315369, -0.27752551436424255], "cam_t_m2c": [-174.7783203125, 102.05197143554688, 771.6110229492188], "obj_id": 7}, {"cam_R_m2c": [-0.6907398700714111, 0.626797080039978, -0.36056020855903625, -0.667725682258606, -0.3615173101425171, 0.6507284641265869, 0.277525931596756, 0.6902394890785217, 0.6682430505752563], "cam_t_m2c": [0.9012054800987244, -1.6267280578613281, 959.4271240234375], "obj_id": 9}],
  "4": [{"cam_R_m2c": [-0.5758519172668457, 0.6295144557952881, 0.5216378569602966, 0.6954622268676758, 0.04175810143351555, 0.7173482179641724, 0.4297984838485718, 0.7758657932281494, -0.46184998750686646], "cam_t_m2c": [33.05125045776367, 110.44190979003906, 664.5481567382812], "obj_id": 12}, {"cam_R_m2c": [0.7987009286880493, -0.1745617538690567, -0.5758515000343323, 0.5908073782920837, 0.40899690985679626, 0.6954625248908997, 0.11412029713392258, -0.8956839442253113, 0.42979860305786133], "cam_t_m2c": [1.4396352767944336, -1.7386618852615356, 792.072998046875], "obj_id": 11}, {"cam_R_m2c": [0.7579700946807861, 0.3063923716545105, -0.5758515000343323, 0.257134348154068, 0.6709796190261841, 0.6954625844955444, 0.5994690656661987, -0.6752110719680786, 0.42979851365089417], "cam_t_m2c": [84.52460479736328, 174.7744140625, 617.7735595703125], "obj_id": 1}, {"cam_R_m2c": [0.5758515000343323, -0.14154121279716492, -0.8052087426185608, -0.6954625844955444, -0.6025814414024353, -0.3914426863193512, -0.42979857325553894, 0.7854053974151611, -0.4454340636730194], "cam_t_m2c": [335.3741455078125, 25.893587112426758, 1206.414306640625], "obj_id": 17}, {"cam_R_m2c": [0.5758512616157532, -0.06186654791235924, -0.8152103424072266, -0.6954627633094788, -0.5612738132476807, -0.44866830110549927, -0.4297986328601837, 0.8253146409988403, -0.3662360906600952], "cam_t_m2c": [-95.48743438720703, -147.58819580078125, 909.8517456054688], "obj_id": 10}, {"cam_R_m2c": [0.36379867792129517, 0.7321513891220093, 0.5758514404296875, 0.688773512840271, 0.20475035905838013, -0.695462703704834, -0.6270897388458252, 0.6496396660804749, -0.42979857325553894], "cam_t_m2c": [362.47137451171875, 110.8324203491211, 1105.2701416015625], "obj_id": 4}, {"cam_R_m2c": [0.8140643239021301, 0.07546137273311615, 0.5758514404296875, 0.5362879633903503, -0.47825396060943604, -0.6954626441001892, 0.2229226976633072, 0.8749735355377197, -0.42979851365089417], "cam_t_m2c": [201.72796630859375, 41.85736846923828, 1001.5127563476562], "obj_id": 7}, {"cam_R_m2c": [-0.575851559638977, -0.8094407916069031, 0.11489305645227432, 0.6954624652862549, -0.5588736534118652, -0.45165473222732544, 0.42979851365089417, -0.1801823228597641, 0.8847641348838806], "cam_t_m2c": [-23.288976669311523, -110.68425750732422, 946.8697509765625], "obj_id": 9}]
}