{
  "0": [{"cam_R_m2c": [0.889428436756134, -0.381014347076416, -0.2524779736995697, 0.053421612828969955, -0.4619370400905609, 0.8853023052215576, -0.45394182205200195, -0.8009008169174194, -0.39050552248954773], "cam_t_m2c": [-92.5837173461914, -183.27175903320312, 565.5657348632812], "obj_id": 11}, {"cam_R_m2c": [-0.3537987470626831, 0.2893848419189453, 0.8894283771514893, 0.7092503309249878, 0.702929675579071, 0.05342158302664757, -0.6097462177276611, 0.6497278809547424, -0.4539419412612915], "cam_t_m2c": [9.812494277954102, 160.24488830566406, 806.613037109375], "obj_id": 2}, {"cam_R_m2c": [-0.2675554156303406, 0.3705824315547943, 0.8894283175468445, 0.866064190864563, 0.4970703125, 0.053421564400196075, -0.42231133580207825, 0.784595251083374, -0.45394203066825867], "cam_t_m2c": [10.072168350219727, -305.2071533203125, 752.3456420898438], "obj_id": 7}, {"cam_R_m2c": [-0.702975332736969, 0.39590004086494446, -0.5908371806144714, -0.6886790990829468, -0.5863791704177856, 0.42647433280944824, -0.17761348187923431, 0.7066982388496399, 0.6848583817481995], "cam_t_m2c": [1.4769881963729858, -1.0660979747772217, 754.3339233398438], "obj_id": 8}, {"cam_R_m2c": [-0.4530175030231476, 0.06076592206954956, -0.8894280791282654, -0.029003050178289413, -0.9981505274772644, -0.05342157930135727, -0.8910295367240906, 0.001595211448147893, 0.4539423882961273], "cam_t_m2c": [-91.29153442382812, -54.572933197021484, 572.22021484375], "obj_id": 6}, {"cam_R_m2c": [0.28484901785850525, -0.8894283175468445, -0.3574608266353607, -0.841486394405365, -0.0534215122461319, -0.5376307368278503, 0.45908790826797485, 0.4539420008659363, -0.763658881187439], "cam_t_m2c": [-4.515493392944336, 96.8101806640625, 727.0158081054688], "obj_id": 16}, {"cam_R_m2c": [-0.8894283771514893, 0.43577903509140015, 0.13789035379886627, -0.05342155694961548, -0.39872318506240845, 0.9155140519142151, 0.45394188165664673, 0.8069178462028503, 0.37791574001312256], "cam_t_m2c": [-45.895973205566406, -469.7516784667969, 623.3289794921875], "obj_id": 17}, {"cam_R_m2c": [-0.8894283771514893, -0.4558647871017456, -0.03323255479335785, -0.05342155322432518, 0.17588749527931213, -0.9829596877098083, 0.45394188165664673, -0.8724969029426575, -0.18079231679439545], "cam_t_m2c": [72.17493438720703, -41.67271041870117, 905.0484619140625], "obj_id": 14}],
  "1": [{"cam_R_m2c": [-0.9490310549736023, -0.2689809203147888, 0.16428391635417938, -0.10745716840028763, 0.7661352753639221, 0.6336321234703064, -0.29629865288734436, 0.5836831331253052, -0.7559900879859924], "cam_t_m2c": [-0.410567969083786, -1.5838078260421753, 861.9552612304688], "obj_id": 11}, {"cam_R_m2c": [0.0774572417140007, 0.3055163621902466, -0.9490311741828918, 0.8317400813102722, -0.5446663498878479, -0.10745715349912643, -0.5497352480888367, -0.7810239195823669, -0.2962985336780548], "cam_t_m2c": [134.9407958984375, -184.28085327148438, 494.67572021484375], "obj_id": 2}, {"cam_R_m2c": [0.15336433053016663, 0.27535295486450195, -0.9490311741828918, 0.6638480424880981, -0.7401072978973389, -0.10745706409215927, -0.7319734692573547, -0.6135324239730835, -0.296298623085022], "cam_t_m2c": [1.218246340751648, -234.04388427734375, 941.0304565429688], "obj_id": 7}, {"cam_R_m2c": [0.2962895631790161, -0.02708466351032257, 0.9547140002250671, 0.39048269391059875, -0.9088035821914673, -0.14696606993675232, 0.8716281652450562, 0.4163438081741333, -0.25869280099868774], "cam_t_m2c": [75.71153259277344, -169.7268829345703, 653.1177978515625], "obj_id": 8}, {"cam_R_m2c": [-0.1702478975057602, -0.26524585485458374, 0.9490311741828918, 0.9659155011177063, -0.23549975454807281, 0.1074567437171936, 0.1949942260980606, 0.9349782466888428, 0.2962985336780548], "cam_t_m2c": [30.63532066345215, 18.211868286132812, 738.44970703125], "obj_id": 6}, {"cam_R_m2c": [-0.14011740684509277, 0.9490311145782471, -0.2823241055011749, -0.6982400417327881, 0.10745702683925629, 0.7077526450157166, 0.7020170092582703, 0.2962985038757324, 0.6475949883460999], "cam_t_m2c": [85.9372329711914, -124.55352020263672, 562.471435546875], "obj_id": 16}, {"cam_R_m2c": [0.9490311145782471, 0.04111800342798233, 0.31248873472213745, 0.10745715349912643, -0.974263072013855, -0.1981525421142578, 0.2962985932826996, 0.22163207828998566, -0.9290243983268738], "cam_t_m2c": [-66.08587646484375, -131.73326110839844, 1119.510986328125], "obj_id": 17}, {"cam_R_m2c": [0.9490311145782471, -0.11236102879047394, -0.29447394609451294, 0.10745716840028763, 0.9936673045158386, -0.03283580392599106, 0.296298623085022, -0.00048113666707649827, 0.9550952315330505], "cam_t_m2c": [99.18387603759766, -339.0246276855469, 665.3366088867188], "obj_id": 14}],
  "2": [{"cam_R_m2c": [0.8393931984901428, 0.5424215197563171, -0.03461158275604248, -0.5381621718406677, 0.8205016255378723, -0.19276562333106995, -0.07616136223077774, 0.18043279647827148, 0.9806342124938965], "cam_t_m2c": [145.27804565429688, 239.0631866455078, 805.0327758789062], "obj_id": 11}, {"cam_R_m2c": [0.12723077833652496, -0.5284233689308167, 0.839393138885498, 0.05831832438707352, -0.8408211469650269, -0.5381619930267334, 0.9901571273803711, 0.11742271482944489, -0.07616135478019714], "cam_t_m2c": [-73.04436492919922, -117.04643249511719, 915.0950927734375], "obj_id": 2}, {"cam_R_m2c": [-0.012830115854740143, -0.543373167514801, 0.8393932580947876, -0.15970443189144135, -0.8275724649429321, -0.5381621718406677, 0.9870815277099609, -0.1409594863653183, -0.07616133242845535], "cam_t_m2c": [80.63390350341797, 170.30905151367188, 578.3452758789062], "obj_id": 7}, {"cam_R_m2c": [-0.08047057688236237, -0.2109241783618927, -0.9741844534873962, 0.9803434610366821, -0.1933828890323639, -0.03910936787724495, -0.18014158308506012, -0.9581825733184814, 0.22233989834785461], "cam_t_m2c": [2.435539960861206, 0.09783177077770233, 818.1217651367188], "obj_id": 8}, {"cam_R_m2c": [0.4728652834892273, 0.26798728108406067, -0.8393933773040771, 0.6539767384529114, 0.5316917896270752, 0.5381618738174438, 0.59051913022995, -0.8034218549728394, 0.07616114616394043], "cam_t_m2c": [110.2305908203125, 161.41456604003906, 901.737060546875], "obj_id": 6}, {"cam_R_m2c": [-0.01298395823687315, -0.8393932580947876, 0.543369472026825, 0.12023088335990906, 0.5381620526313782, 0.8342218399047852, -0.9926610589027405, 0.07616129517555237, 0.09393351525068283], "cam_t_m2c": [-2.0790603160858154, -42.84442138671875, 910.3038330078125], "obj_id": 16}, {"cam_R_m2c": [-0.8393931984901428, -0.3137706518173218, -0.4438095688819885, 0.5381620526313782, -0.365373820066452, -0.7595284581184387, 0.07616133242845535, -0.8763845562934875, 0.4755518436431885], "cam_t_m2c": [192.2838592529297, 350.6004943847656, 534.96435546875], "obj_id": 17}, {"cam_R_m2c": [-0.839393138885498, 0.4080120325088501, 0.3590894341468811, 0.538162112236023, 0.5313211679458618, 0.6542777419090271, 0.07616137713193893, 0.7424445748329163, -0.6655639410018921], "cam_t_m2c": [-70.04304504394531, -79.79204559326172, 684.9810791015625], "obj_id": 14}],
  "3": [{"cam_R_m2c": [0.2929704189300537, -0.955491304397583, 0.03470651060342789, -0.33504006266593933, -0.06859598308801651, 0.9397034049034119, -0.8954977989196777, -0.2869333028793335, -0.34022441506385803], "cam_t_m2c": [-264.2627868652344, -77.39558410644531, 769.525146484375], "obj_id": 11}, {"cam_R_m2c": [-0.2492099553346634, 0.923072338104248, 0.292970210313797, 0.8774615526199341, 0.3432333469390869, -0.3350400924682617, -0.40982338786125183, 0.17357474565505981, -0.8954976797103882], "cam_t_m2c": [115.48951721191406, 122.4376449584961, 818.9950561523438], "obj_id": 2}, {"cam_R_m2c": [-0.0036410298198461533, 0.956114649772644, 0.292970210313797, 0.9361964464187622, 0.1062273383140564, -0.3350401818752289, -0.35145828127861023, 0.2730577886104584, -0.8954979181289673], "cam_t_m2c": [-144.95213317871094, -262.6531066894531, 877.866455078125], "obj_id": 7}, {"cam_R_m2c": [-0.8787379860877991, 0.3950549066066742, 0.2678641080856323, -0.19612333178520203, -0.8104884624481201, 0.551945686340332, 0.4351496398448944, 0.43248122930526733, 0.7896865010261536], "cam_t_m2c": [-0.6696181297302246, -1.379927635192871, 818.718505859375], "obj_id": 8}, {"cam_R_m2c": [-0.8444345593452454, -0.4484407603740692, -0.2929699122905731, 0.3486129343509674, -0.8753384351730347, 0.33504000306129456, -0.40669339895248413, 0.18078622221946716, 0.8954980969429016], "cam_t_m2c": [-196.5764617919922, 29.724239349365234, 746.0039672851562], "obj_id": 6}, {"cam_R_m2c": [0.049033842980861664, -0.2929701805114746, -0.9548633694648743, -0.9300968647003174, 0.3350401222705841, -0.15055865049362183, 0.3640266954898834, 0.8954979181289673, -0.2560623288154602], "cam_t_m2c": [26.477304458618164, 88.81494903564453, 780.1195068359375], "obj_id": 16}, {"cam_R_m2c": [-0.29297032952308655, 0.5731517672538757, 0.7652875781059265, 0.33504006266593933, -0.688116729259491, 0.6436171531677246, 0.895497739315033, 0.44496285915374756, 0.009569235146045685], "cam_t_m2c": [-339.5021667480469, -352.6821594238281, 847.9052124023438], "obj_id": 17}, {"cam_R_m2c": [-0.2929700016975403, -0.7347854971885681, -0.6117667555809021, 0.3350401520729065, 0.5203765034675598, -0.785465657711029, 0.8954977989196777, -0.4350844621658325, 0.09372804313898087], "cam_t_m2c": [116.31355285644531, -95.81867218017578, 900.9269409179688], "obj_id": 14}],
  "4": [{"cam_R_m2c": [-0.3791004419326782, -0.14939072728157043, 0.9132169485092163, 0.7678251266479492, 0.5000120997428894, 0.40054014325141907, -0.5164564847946167, 0.8530359268188477, -0.07484883815050125], "cam_t_m2c": [170.03236389160156, 147.10305786132812, 997.3675537109375], "obj_id": 11}, {"cam_R_m2c": [0.828281819820404, 0.41259196400642395, -0.37910041213035583, 0.5304140448570251, -0.35931235551834106, 0.767825186252594, 0.18058302998542786, -0.8370558023452759, -0.5164564251899719], "cam_t_m2c": [396.5590515136719, 25.47769546508789, 650.257568359375], "obj_id": 2}, {"cam_R_m2c": [0.9064909815788269, 0.18589487671852112, -0.3791004717350006, 0.42027077078819275, -0.48354610800743103, 0.767825186252594, -0.04057780280709267, -0.855351448059082, -0.5164563655853271], "cam_t_m2c": [0.9477855563163757, -1.9195294380187988, 899.9207153320312], "obj_id": 7}, {"cam_R_m2c": [-0.2197321206331253, -0.7507498860359192, 0.6229706406593323, -0.22763584554195404, -0.5814929604530334, -0.7810556292533875, 0.9486304521560669, -0.313433438539505, -0.04312491789460182], "cam_t_m2c": [265.92828369140625, 42.9919319152832, 757.2747192382812], "obj_id": 8}, {"cam_R_m2c": [0.26436206698417664, -0.8867895603179932, 0.3791004419326782, 0.6247225999832153, -0.14200671017169952, -0.7678254842758179, 0.734734296798706, 0.43981659412384033, 0.516456127166748], "cam_t_m2c": [279.2650451660156, 162.77291870117188, 930.794189453125], "obj_id": 6}, {"cam_R_m2c": [-0.8966422080993652, 0.3791004419326782, -0.22872574627399445, -0.44275569915771484, -0.7678251266479492, 0.46304622292518616, -8.034620259422809e-05, 0.5164564251899719, 0.8563134670257568], "cam_t_m2c": [354.664306640625, 81.49624633789062, 725.5684204101562], "obj_id": 16}, {"cam_R_m2c": [0.37910032272338867, -0.6167590022087097, 0.6898487210273743, -0.7678252458572388, -0.6257333159446716, -0.137485072016716, 0.5164564847946167, -0.47756263613700867, -0.7107788324356079], "cam_t_m2c": [-103.14395904541016, 65.90412902832031, 1077.1705322265625], "obj_id": 17}, {"cam_R_m2c": [0.3791005611419678, 0.44025248289108276, -0.8139167428016663, -0.7678251266479492, 0.6405624747276306, -0.011148191057145596, 0.5164565443992615, 0.6291720271110535, 0.580874502658844], "cam_t_m2c": [185.22618103027344, -72.49073791503906, 659.7406005859375], "obj_id": 14}]
}