{
  "0": [{"cam_R_m2c": [-0.24976864457130432, 0.1045210212469101, -0.9626479744911194, 0.23915787041187286, 0.9700161218643188, 0.04326914995908737, 0.9383065700531006, -0.219417542219162, -0.2672766447067261], "cam_t_m2c": [-91.47367095947266, -0.9326680898666382, 696.2139282226562], "obj_id": 5}, {"cam_R_m2c": [0.24975869059562683, 0.7564802169799805, 0.6044488549232483, -0.239164337515831, 0.6530849933624268, -0.7185266017913818, -0.9383075833320618, 0.03489571437239647, 0.34403669834136963], "cam_t_m2c": [-101.98821258544922, 119.63370513916016, 662.6849975585938], "obj_id": 6}, {"cam_R_m2c": [-0.6260172128677368, -0.7387272715568542, -0.24976854026317596, 0.6993890404701233, -0.6735417246818542, 0.23915769159793854, -0.3449018597602844, -0.02496853657066822, 0.9383065700531006], "cam_t_m2c": [-22.069091796875, -263.8543395996094, 776.3700561523438], "obj_id": 2}, {"cam_R_m2c": [0.24976852536201477, 0.5019777417182922, -0.8280301690101624, -0.23915784060955048, -0.7966600060462952, -0.5551002025604248, -0.9383065104484558, 0.3366764485836029, -0.0789286196231842], "cam_t_m2c": [45.10503005981445, -358.42083740234375, 823.6873168945312], "obj_id": 18}, {"cam_R_m2c": [-0.2497684359550476, 0.5470403432846069, -0.7989760041236877, 0.23915790021419525, 0.8344157934188843, 0.496541827917099, 0.9383066296577454, -0.06706094741821289, -0.3392397463321686], "cam_t_m2c": [-344.2620849609375, -142.0295867919922, 664.8870849609375], "obj_id": 9}, {"cam_R_m2c": [-0.9679133892059326, 0.24976849555969238, -0.027559127658605576, -0.03408487141132355, -0.23915787041187286, -0.9703822731971741, -0.2489618957042694, -0.9383066296577454, 0.23999735713005066], "cam_t_m2c": [76.6797103881836, -43.3592643737793, 730.4695434570312], "obj_id": 17}, {"cam_R_m2c": [-0.24976839125156403, -0.11601891368627548, -0.961329996585846, 0.23915787041187286, 0.9546469449996948, -0.1773492693901062, 0.9383065700531006, -0.27420589327812195, -0.21069379150867462], "cam_t_m2c": [103.38518524169922, 136.64468383789062, 713.0174560546875], "obj_id": 15}, {"cam_R_m2c": [0.15494033694267273, 0.24976865947246552, 0.9558290243148804, -0.9466623663902283, -0.2391577661037445, 0.21594898402690887, 0.282531201839447, -0.9383065700531006, 0.19939139485359192], "cam_t_m2c": [-2.3896749019622803, -0.5398513674736023, 698.508056640625], "obj_id": 4}],
  "1": [{"cam_R_m2c": [-0.24805761873722076, 0.12248595058917999, -0.9609706997871399, -0.06756475567817688, 0.9873715043067932, 0.1432916671037674, 0.9663862586021423, 0.1004723384976387, -0.236649289727211], "cam_t_m2c": [-167.15658569335938, 56.610069274902344, 708.709716796875], "obj_id": 5}, {"cam_R_m2c": [0.24804764986038208, 0.7679541707038879, 0.5905241370201111, 0.0675591453909874, 0.5943775177001953, -0.8013433218002319, -0.9663892388343811, 0.23866665363311768, 0.09555162489414215], "cam_t_m2c": [-175.4169464111328, 181.7452850341797, 715.33837890625], "obj_id": 6}, {"cam_R_m2c": [-0.6124293208122253, -0.750598132610321, -0.2480575442314148, 0.7838652729988098, -0.6172438859939575, -0.0675649642944336, -0.10239788144826889, -0.23582248389720917, 0.9663862586021423], "cam_t_m2c": [-102.69500732421875, -219.34593200683594, 700.7847900390625], "obj_id": 2}, {"cam_R_m2c": [0.24805739521980286, 0.4866911470890045, -0.8376152515411377, 0.06756478548049927, -0.8712255358695984, -0.48621103167533875, -0.9663863182067871, 0.06401495635509491, -0.24899713695049286], "cam_t_m2c": [-37.3571662902832, -325.2397766113281, 715.3303833007812], "obj_id": 18}, {"cam_R_m2c": [-0.24805748462677002, 0.5620799660682678, -0.7890080809593201, -0.06756479293107986, 0.8024423718452454, 0.5928922295570374, 0.9663863778114319, 0.20038047432899475, -0.16107504069805145], "cam_t_m2c": [-422.3430480957031, -62.63455581665039, 634.8700561523438], "obj_id": 9}, {"cam_R_m2c": [-0.9676713943481445, 0.24805745482444763, -0.045600526034832, 0.06423857808113098, 0.0675646960735321, -0.9956446886062622, -0.24389611184597015, -0.9663862586021423, -0.08131520450115204], "cam_t_m2c": [0.11402647942304611, 2.4891483783721924, 727.1622314453125], "obj_id": 17}, {"cam_R_m2c": [-0.24805741012096405, -0.09814044833183289, -0.9637612700462341, -0.06756481528282166, 0.9941853284835815, -0.08384838700294495, 0.9663861989974976, 0.044317129999399185, -0.25324589014053345], "cam_t_m2c": [30.087202072143555, 178.17697143554688, 767.8388061523438], "obj_id": 15}, {"cam_R_m2c": [0.1371753215789795, 0.24805772304534912, 0.9589839577674866, -0.9899629354476929, 0.06756503134965897, 0.12412972003221512, -0.034002382308244705, -0.9663861393928528, 0.2548362910747528], "cam_t_m2c": [-78.08657836914062, 54.660770416259766, 710.7368774414062], "obj_id": 4}],
  "2": [{"cam_R_m2c": [0.9656252861022949, 0.14557060599327087, 0.21535326540470123, 0.21979981660842896, -0.8995424509048462, -0.37750673294067383, 0.13876552879810333, 0.41186463832855225, -0.9006173610687256], "cam_t_m2c": [36.99736404418945, -20.248632431030273, 695.2960205078125], "obj_id": 5}, {"cam_R_m2c": [-0.9656241536140442, -0.0501447431743145, -0.2550591826438904, -0.21979692578315735, -0.366340309381485, 0.9041481614112854, -0.1387767642736435, 0.9291286468505859, 0.34272560477256775], "cam_t_m2c": [60.16628646850586, -140.25393676757812, 724.156494140625], "obj_id": 6}, {"cam_R_m2c": [0.2563978135585785, 0.04275551438331604, 0.9656252264976501, -0.8932054042816162, 0.39226534962654114, 0.2197999358177185, -0.36938363313674927, -0.9188578724861145, 0.13876543939113617], "cam_t_m2c": [-27.916643142700195, 254.968994140625, 675.0171508789062], "obj_id": 2}, {"cam_R_m2c": [-0.9656252264976501, -0.24647590517997742, 0.08256799727678299, -0.21979983150959015, 0.9438023567199707, 0.24683015048503876, -0.13876555860042572, 0.22019699215888977, -0.9655346870422363], "cam_t_m2c": [-54.458011627197266, 372.3387451171875, 709.8599853515625], "obj_id": 18}, {"cam_R_m2c": [0.9656252861022949, 0.026518266648054123, 0.2585819363594055, 0.21979983150959015, -0.6143545508384705, -0.7577970623970032, 0.13876554369926453, 0.788584291934967, -0.5990649461746216], "cam_t_m2c": [67.1218032836914, 27.731786727905273, 409.67022705078125], "obj_id": 9}, {"cam_R_m2c": [0.20308196544647217, -0.9656252861022949, -0.1622515469789505, -0.30470189452171326, -0.21979981660842896, 0.9267387986183167, -0.9305452704429626, -0.1387655884027481, -0.3388652205467224], "cam_t_m2c": [-24.072202682495117, 68.58329772949219, 835.3975219726562], "obj_id": 17}, {"cam_R_m2c": [0.9656252861022949, 0.19052515923976898, 0.1768275946378708, 0.21979981660842896, -0.9616327881813049, -0.1641656458377838, 0.13876552879810333, 0.1973891705274582, -0.9704542756080627], "cam_t_m2c": [18.77092170715332, -85.03773498535156, 924.7520141601562], "obj_id": 15}, {"cam_R_m2c": [-0.19754499197006226, -0.9656252264976501, -0.1689489781856537, 0.9675033092498779, -0.21979981660842896, 0.12500116229057312, -0.15783925354480743, -0.1387653350830078, 0.9776660799980164], "cam_t_m2c": [0.4224684238433838, -0.3124680519104004, 774.0755004882812], "obj_id": 4}],
  "3": [{"cam_R_m2c": [0.022806020453572273, 0.6741332411766052, 0.7382575273513794, -0.8045104146003723, -0.42600899934768677, 0.41385897994041443, 0.5935004949569702, -0.6033743619918823, 0.5326316952705383], "cam_t_m2c": [-1.8456701040267944, -1.034711241722107, 709.8189697265625], "obj_id": 5}, {"cam_R_m2c": [-0.02280394174158573, -0.048434481024742126, -0.9985659122467041, 0.8045171499252319, -0.593837559223175, 0.010430927388370037, -0.5934913158416748, -0.8031256198883057, 0.052508387714624405], "cam_t_m2c": [99.15350341796875, -43.46624755859375, 648.4208374023438], "obj_id": 6}, {"cam_R_m2c": [0.99954754114151, 0.019610615447163582, 0.022805877029895782, 0.006703839171677828, 0.593900740146637, -0.8045104146003723, -0.029321370646357536, 0.8042992949485779, 0.593500554561615], "cam_t_m2c": [-254.3953399658203, 74.8161392211914, 813.9109497070312], "obj_id": 2}, {"cam_R_m2c": [-0.022805675864219666, -0.9840097427368164, 0.1766481101512909, 0.8045103549957275, 0.08683189749717712, 0.5875568985939026, -0.5935004353523254, 0.1555149406194687, 0.789665937423706], "cam_t_m2c": [-378.4829406738281, 77.61101531982422, 830.8987426757812], "obj_id": 18}, {"cam_R_m2c": [0.02280597947537899, 0.2452208697795868, 0.969199001789093, -0.8045105338096619, -0.5710178017616272, 0.16340623795986176, 0.5935004353523254, -0.7834573984146118, 0.1842600703239441], "cam_t_m2c": [74.03660583496094, 167.24876403808594, 935.0172119140625], "obj_id": 9}, {"cam_R_m2c": [0.6822512745857239, -0.022805940359830856, -0.7307620048522949, 0.4464574456214905, 0.8045104742050171, 0.39171239733695984, 0.5789722800254822, -0.5935004353523254, 0.5590601563453674], "cam_t_m2c": [-150.88233947753906, -43.23591613769531, 624.6358642578125], "obj_id": 17}, {"cam_R_m2c": [0.022805938497185707, 0.8237013220787048, 0.5665651559829712, -0.8045104146003723, -0.3213109076023102, 0.4995220899581909, 0.593500554561615, -0.4671996831893921, 0.6553484797477722], "cam_t_m2c": [-38.04021453857422, -142.01930236816406, 520.1002807617188], "obj_id": 15}, {"cam_R_m2c": [-0.8460174202919006, -0.02280612103641033, -0.5326671600341797, 0.30077219009399414, 0.8045103549957275, -0.5121514797210693, 0.44021645188331604, -0.5935006141662598, -0.6737703680992126], "cam_t_m2c": [-59.8579216003418, -24.593795776367188, 646.408203125], "obj_id": 4}],
  "4": [{"cam_R_m2c": [-0.9605532288551331, -0.22386732697486877, 0.16498760879039764, -0.08311320096254349, -0.3350641429424286, -0.9385223984718323, 0.2653859257698059, -0.9152133464813232, 0.3032405972480774], "cam_t_m2c": [-0.41238608956336975, 2.3463141918182373, 630.776123046875], "obj_id": 5}, {"cam_R_m2c": [0.9605563282966614, -0.2748206853866577, 0.042486660182476044, 0.08310689777135849, 0.4294961392879486, 0.8992365002632141, -0.26537662744522095, -0.860236406326294, 0.4353947341442108], "cam_t_m2c": [-23.98584747314453, -61.74287796020508, 525.3822021484375], "obj_id": 6}, {"cam_R_m2c": [-0.03454011678695679, 0.27594295144081116, -0.9605532288551331, -0.9112509489059448, -0.4033782184123993, -0.08311321586370468, -0.41040071845054626, 0.8724343180656433, 0.2653859555721283], "cam_t_m2c": [47.36727523803711, 185.16722106933594, 842.1134033203125], "obj_id": 2}, {"cam_R_m2c": [0.9605532288551331, 0.07753026485443115, 0.2670702338218689, 0.0831131637096405, 0.8364261388778687, -0.541741132736206, -0.26538586616516113, 0.5425682663917542, 0.7969880700111389], "cam_t_m2c": [50.41829299926758, 293.0124816894531, 905.7860107421875], "obj_id": 18}, {"cam_R_m2c": [-0.9605532288551331, -0.2752613127231598, 0.03960667550563812, -0.0831131711602211, 0.1482377052307129, -0.9854530692100525, 0.2653858959674835, -0.9498720169067383, -0.16526806354522705], "cam_t_m2c": [75.12693786621094, -175.7590789794922, 848.4087524414062], "obj_id": 9}, {"cam_R_m2c": [0.1822846680879593, 0.9605532288551331, 0.21002322435379028, -0.9088717103004456, 0.08311321586370468, 0.4087105691432953, 0.37513259053230286, -0.26538583636283875, 0.8881699442863464], "cam_t_m2c": [-2.756873607635498, 176.6644744873047, 601.5067138671875], "obj_id": 17}, {"cam_R_m2c": [-0.9605531096458435, -0.18072712421417236, 0.21136507391929626, -0.08311321586370468, -0.5387427806854248, -0.8383604288101196, 0.2653858959674835, -0.8228570222854614, 0.5024704337120056], "cam_t_m2c": [-64.72937774658203, 126.71905517578125, 436.9344177246094], "obj_id": 15}, {"cam_R_m2c": [0.17199988663196564, 0.9605530500411987, -0.21852602064609528, 0.5723250508308411, 0.08311331272125244, 0.8158038854598999, 0.801785409450531, -0.26538601517677307, -0.5354530811309814], "cam_t_m2c": [2.4981350898742676, 81.9739761352539, 590.8720092773438], "obj_id": 4}]
}