Camera frame 0: 
Homogenous T: [[-0.35428339  0.93099564 -0.08792272  0.0303501 ]
 [-0.92531925 -0.36259961 -0.11093189 -0.01086826]
 [-0.13515785  0.04205526  0.98993117  1.11243474]
 [ 0.          0.          0.          1.        ]] 
Camera frame 1: 
Homogenous T: [[ 0.52484232  0.78988457  0.31720987  0.36841058]
 [-0.65220666  0.13371333  0.74615461  0.94596778]
 [ 0.54696107 -0.59850025  0.58534694  0.68403724]
 [ 0.          0.          0.          1.        ]] 
Camera frame 2: 
Homogenous T: [[-0.41662005 -0.60163182 -0.68151778 -0.30989829]
 [ 0.71712726 -0.67824399  0.16035336  0.21171041]
 [-0.55870908 -0.42192867  0.71401697  0.49671966]
 [ 0.          0.          0.          1.        ]] 
Camera frame 3: 
Homogenous T: [[-0.97488034 -0.21520898  0.05738879  0.07226156]
 [ 0.20903906 -0.97300637 -0.09778156 -0.0024446 ]
 [ 0.07688313 -0.08332882  0.99355185  1.09775818]
 [ 0.          0.          0.          1.        ]] 
Camera frame 4: 
Homogenous T: [[ 0.29145774 -0.95012051 -0.11101055 -0.12761852]
 [ 0.91017967  0.31115133 -0.27341887 -0.23607571]
 [ 0.29432198 -0.02134949  0.95546782  1.20905691]
 [ 0.          0.          0.          1.        ]] 
Camera frame 5: 
Homogenous T: [[-0.99603814  0.06288841  0.06287414  0.16836319]
 [-0.08885443 -0.73246896 -0.67497718 -0.35029681]
 [ 0.00360512 -0.67788959  0.73515487  0.54102118]
 [ 0.          0.          0.          1.        ]] 
Camera frame 6: 
Homogenous T: [[ 0.02327427 -0.92105842  0.3887285   0.43028662]
 [ 0.95896637  0.13046834  0.25171724  0.30657813]
 [-0.28256306  0.36691901  0.8863005   0.73528503]
 [ 0.          0.          0.          1.        ]] 
Camera frame 7: 
Homogenous T: [[-0.52148587 -0.77905118 -0.34803993 -0.32786332]
 [ 0.69922948 -0.15641308 -0.69757658 -0.57421685]
 [ 0.48900983 -0.60713613  0.62630278  0.63131843]
 [ 0.          0.          0.          1.        ]] 
Camera frame 8: 
Homogenous T: [[-0.77961314  0.09182107 -0.61949337 -0.6934634 ]
 [-0.39426178 -0.84052545  0.37158376  0.52538897]
 [-0.48658079  0.53393412  0.69148636  0.80841871]
 [ 0.          0.          0.          1.        ]] 
Camera frame 9: 
Homogenous T: [[ 0.9643845  -0.1290862   0.23086604  0.40808825]
 [ 0.26245663  0.57539606 -0.77461982 -0.83872107]
 [-0.03284667  0.80762368  0.58878267  0.76104784]
 [ 0.          0.          0.          1.        ]] 
